10101111100001010000001110010011111100010111101100101010110100111001001111010101
00000011100000110101000111100111011111110101001010100011010011110100011110111001
10010101111001110001001111010001111111101001011001111111110100110011001101111011
01000011001000001100101001010011111111011000010110000100000001111101110101000100
11011001111000000100001001101011010000100111101001110010010011000010100011000111
01011010011110010111011011100000110000110001011101000111110111000101101110101100
00100011000010000101011110101100110000111100111111101100001001001100011011110010
10101001101000110100010010100111101100110101011111011011010100111000100000100011
00000110100010100011111110001010100001010000001101011001001101000001111010010000
00100100010010111000010011111000001101011101010111100110111111111101110101110110
01000011010100100000010100100011110011111001010011011110000111110100100111100111
00010001110111010111011001111011000011100001001110001100010100010011000001111011
10100110000100001001110101110001111101101111100101100100110000110000110010101100
01111001010110101110101011001010010110101001110110010001101010010101110110001010
00010011111010100111001000011011001011101100010001100111010011100100100101000101
00010000010011001011110110001101101110100001011001000010010111110110010001010100
11011101000010100000110101001011110001011110000010110111100111110010101001011011
00001000101111000111010111010100110001011110101101001101010011111010010101011100
01001101111111001100000100011110111100110001101001100001110000100111110010100110
10010111011100011011111111101100000101010111010010011100000111000100110111001010
10001000011100000000010100010111101100011110100100001101111100111000100101101111
00000001000010101110100101011111110010100101111001101101001000000111010011010110
10111000111011010100111011001101101000001101111010100001111100110010011100101001
10001001000110000011000011101101111011001001011100100101001101011101011010000110
01100111101101110110101000010010101000100000010111100101100011100100011101100111
11000011101100011100010100110101100010010100010111110100100001001111010100010100
11001101101110111010001011110100000100001010010011100110100100101110111110101111
11110111011000000101010110010110011100010111011011110101010101001011100101100010
11011101110010000101111111111011000011000111010010101000010101001110001111010010
11101110010100001011011101100010000101101100101100000100011110110101011010111111
01110100101000001110001011110011100100111110000111000110111010101001111110010011
11001010100111000101001101011001110100111110001011110111111010000100001100101111
00111111000101111111000000000010110000110010101110101101000111100110101110111101
11011010000110100100010110100011000010101101011100001000101000001011101110001100
01101000100111111111010100001001111010111100100111000100110001010111111101110001
11011010100010011101010001010100101001001111111110111010100111111010000001001100
11001101001101000111100010110000011010111110111001101101001100000101001111000111
10101000110101000110111000101011000010100110110111001010101000100010110011000111
10010110001000011111110010100001010110000111001011101111111011011011101000110011
11000111010110001011100011111001010100000001110000010010111011000100010011010101
01001010011110011100110010000000110010000010110101001101110111011001010011101110
11011110010001011001000000110010100010000111110000110101111101110001110000000101
10011001001101110000110100111111011000101010111011000001110111011010111001011100
01101011010110010010111011100101010101011011111101101010010101010110101101111100
01111011011110111001111111010001000110101011011101011010101111000010110110001101
11000111111110101000000001000010100101100111100001010000100101000000000000000110
00010111001011100110011100000011001100110011101000011110010010010010111011111001
11001000011101001101010101111001010011110100111100110000001001101101101101100100
11101001101011000000000101011101001100010010001111011110100000110000110011101000
00001001101100011001000110001010010010100011101011100001011111010110000111001100
01100101001110100111010010010011000001010100010100001111111110010101111110100100
00101000111111011101000001010001001001011101001010001001010111101000010001110000
10111000101111110010100011001010111110010101011100111111011011010100110101110101
11000101100011101010110011110100111001110010111000010001000101010001111100110110
11010010001001111010001000011100101000100111000100100110110110100111010100100011
10001000000101000111100100010100111000110100100010001000110110010000110000100011
00110110100100010110100010001001110000011011111000000001101101110010100110100100
00100011110001000111111000010100111110110000011111111111101001100110011000101000
00111001100011101001100111011101011010011101000000001101000010001001000011000101
10000111001000000110010010111100101100000100011010101100001101010110001111010110
11011101100110100011100101110000000011101110111010101001000011111111010101010110
00001101111111011010101101010110110001010110010010100111011010011100001111010110
00110001111101110001100111000001101011000010111011100010100111100000011111101001
00110110111110001101100101100101111001111001001010011000011100100101101110010101
11001111111011011001010010010001111001011101110101000000011101101101011111011101
01110101111000100001100110100101111011110011000000000100011110010001101001111000
01111111101111001001110011010100111011000010110110100001000100101010010101001000
01000101000110000111011100011011000011111001000010101000000000111010111010000100
01111101110000101100000101101111101010000110111011011100111111101101001000111111
01111000010110111101111101111011011100110100100010101100010010001011000010111001
00010010111110100100101000100100001111100101001100000000010100001101111001111110
00110000111010100110101000101010001011000000110111001011101010110101110101011010
01100000010110001101100101110100000010100000101000110011000010101011011101001100
01110101101110010110110000011110111001011000110011111100100111100001000110100100
11111010111101111101000001100111000111010011100010001011100000010011110010101111
10100111011111011110100110001000111011111011101101000000010010011001111101000011
11000101111000110101110011011100000100101001001001001101001100101001101010100010
00001100100010011111000001011110010111111001011110000101101110010010100100000000
10101110001000001100100011001111101110101100100011110111110110110011111110000110
01111101101011000000000100000101111111000111001011111010011110100001011100010011
